00000000000000000000000000011110
00000000000000000000000000111100
00000000000000000000000000011110
00000000000000000000000001010000
00000000000000000000000000101000
00000000000000000000000001000110
00000000000000000000000000011100
00000000000000000000000001000010
00000000000000000000000000101100
00000000000000000000000001001101
00000000000000000000000000100011
00000000000000000000000000110100
00000000000000000000000000100000
00000000000000000000000001001000
00000000000000000000000000010100
00000000000000000000000000100110
00000000000000000000000000011101
00000000000000000000000000111110
00000000000000000000000000101001
00000000000000000000000001010101
00000000000000000000000000100111
00000000000000000000000000111000
00000000000000000000000000101001
00000000000000000000000001000100
00000000000000000000000000011101
00000000000000000000000000111001
00000000000000000000000000100111
00000000000000000000000000110100
00000000000000000000000000011001
00000000000000000000000001000100
00000000000000000000000000100101
